,frame.time,count_First,count_Last,count_CumSum
13,2024-01-08 11:12:00+01:00,1.0,1.0,0.0
14,2024-01-08 11:13:00+01:00,1.0,0.0,1.0
15,2024-01-08 11:14:00+01:00,3.0,1.0,3.0
16,2024-01-08 11:15:00+01:00,2.0,0.0,5.0
17,2024-01-08 11:16:00+01:00,1.0,0.0,6.0
18,2024-01-08 11:17:00+01:00,2.0,0.0,8.0
19,2024-01-08 11:18:00+01:00,7.0,0.0,15.0
20,2024-01-08 11:19:00+01:00,1.0,0.0,16.0
21,2024-01-08 11:20:00+01:00,4.0,1.0,19.0
22,2024-01-08 11:21:00+01:00,1.0,0.0,20.0
23,2024-01-08 11:22:00+01:00,1.0,0.0,21.0
24,2024-01-08 11:23:00+01:00,6.0,0.0,27.0
25,2024-01-08 11:24:00+01:00,1.0,2.0,26.0
26,2024-01-08 11:25:00+01:00,4.0,0.0,30.0
27,2024-01-08 11:26:00+01:00,4.0,2.0,32.0
28,2024-01-08 11:27:00+01:00,1.0,0.0,33.0
29,2024-01-08 11:28:00+01:00,4.0,1.0,36.0
30,2024-01-08 11:29:00+01:00,4.0,1.0,39.0
31,2024-01-08 11:30:00+01:00,6.0,1.0,44.0
32,2024-01-08 11:31:00+01:00,9.0,0.0,53.0
33,2024-01-08 11:32:00+01:00,7.0,0.0,60.0
34,2024-01-08 11:33:00+01:00,4.0,4.0,60.0
35,2024-01-08 11:34:00+01:00,9.0,1.0,68.0
36,2024-01-08 11:35:00+01:00,11.0,2.0,77.0
37,2024-01-08 11:36:00+01:00,10.0,2.0,85.0
38,2024-01-08 11:37:00+01:00,10.0,4.0,91.0
39,2024-01-08 11:38:00+01:00,11.0,9.0,93.0
40,2024-01-08 11:39:00+01:00,6.0,7.0,92.0
41,2024-01-08 11:40:00+01:00,4.0,6.0,90.0
42,2024-01-08 11:41:00+01:00,5.0,2.0,93.0
43,2024-01-08 11:42:00+01:00,8.0,3.0,98.0
44,2024-01-08 11:43:00+01:00,6.0,2.0,102.0
45,2024-01-08 11:44:00+01:00,3.0,1.0,104.0
46,2024-01-08 11:45:00+01:00,4.0,0.0,108.0
47,2024-01-08 11:46:00+01:00,3.0,2.0,109.0
48,2024-01-08 11:47:00+01:00,7.0,3.0,113.0
49,2024-01-08 11:48:00+01:00,9.0,0.0,122.0
50,2024-01-08 11:49:00+01:00,2.0,10.0,114.0
51,2024-01-08 11:50:00+01:00,8.0,10.0,112.0
52,2024-01-08 11:51:00+01:00,11.0,8.0,115.0
53,2024-01-08 11:52:00+01:00,9.0,7.0,117.0
54,2024-01-08 11:53:00+01:00,14.0,9.0,122.0
55,2024-01-08 11:54:00+01:00,18.0,9.0,131.0
56,2024-01-08 11:55:00+01:00,21.0,3.0,149.0
57,2024-01-08 11:56:00+01:00,34.0,7.0,176.0
58,2024-01-08 11:57:00+01:00,38.0,14.0,200.0
59,2024-01-08 11:58:00+01:00,25.0,10.0,215.0
60,2024-01-08 11:59:00+01:00,31.0,11.0,235.0
61,2024-01-08 12:00:00+01:00,22.0,6.0,251.0
62,2024-01-08 12:01:00+01:00,27.0,5.0,273.0
63,2024-01-08 12:02:00+01:00,20.0,11.0,282.0
64,2024-01-08 12:03:00+01:00,23.0,7.0,298.0
65,2024-01-08 12:04:00+01:00,26.0,6.0,318.0
66,2024-01-08 12:05:00+01:00,23.0,11.0,330.0
67,2024-01-08 12:06:00+01:00,15.0,12.0,333.0
68,2024-01-08 12:07:00+01:00,23.0,9.0,347.0
69,2024-01-08 12:08:00+01:00,17.0,19.0,345.0
70,2024-01-08 12:09:00+01:00,23.0,26.0,342.0
71,2024-01-08 12:10:00+01:00,21.0,13.0,350.0
72,2024-01-08 12:11:00+01:00,25.0,5.0,370.0
73,2024-01-08 12:12:00+01:00,12.0,7.0,375.0
74,2024-01-08 12:13:00+01:00,21.0,21.0,375.0
75,2024-01-08 12:14:00+01:00,24.0,9.0,390.0
76,2024-01-08 12:15:00+01:00,19.0,8.0,401.0
77,2024-01-08 12:16:00+01:00,19.0,10.0,410.0
78,2024-01-08 12:17:00+01:00,10.0,13.0,407.0
79,2024-01-08 12:18:00+01:00,21.0,13.0,415.0
80,2024-01-08 12:19:00+01:00,9.0,17.0,407.0
81,2024-01-08 12:20:00+01:00,12.0,15.0,404.0
82,2024-01-08 12:21:00+01:00,3.0,11.0,396.0
83,2024-01-08 12:22:00+01:00,11.0,22.0,385.0
84,2024-01-08 12:23:00+01:00,6.0,13.0,378.0
85,2024-01-08 12:24:00+01:00,6.0,7.0,377.0
86,2024-01-08 12:25:00+01:00,8.0,15.0,370.0
87,2024-01-08 12:26:00+01:00,4.0,10.0,364.0
88,2024-01-08 12:27:00+01:00,8.0,20.0,352.0
89,2024-01-08 12:28:00+01:00,6.0,21.0,337.0
90,2024-01-08 12:29:00+01:00,15.0,11.0,341.0
91,2024-01-08 12:30:00+01:00,8.0,11.0,338.0
92,2024-01-08 12:31:00+01:00,11.0,3.0,346.0
93,2024-01-08 12:32:00+01:00,11.0,9.0,348.0
94,2024-01-08 12:33:00+01:00,9.0,8.0,349.0
95,2024-01-08 12:34:00+01:00,5.0,8.0,346.0
96,2024-01-08 12:35:00+01:00,14.0,11.0,349.0
97,2024-01-08 12:36:00+01:00,10.0,17.0,342.0
98,2024-01-08 12:37:00+01:00,7.0,21.0,328.0
99,2024-01-08 12:38:00+01:00,6.0,8.0,326.0
100,2024-01-08 12:39:00+01:00,10.0,9.0,327.0
101,2024-01-08 12:40:00+01:00,12.0,14.0,325.0
102,2024-01-08 12:41:00+01:00,8.0,17.0,316.0
103,2024-01-08 12:42:00+01:00,20.0,16.0,320.0
104,2024-01-08 12:43:00+01:00,9.0,25.0,304.0
105,2024-01-08 12:44:00+01:00,11.0,23.0,292.0
106,2024-01-08 12:45:00+01:00,8.0,30.0,270.0
107,2024-01-08 12:46:00+01:00,5.0,19.0,256.0
108,2024-01-08 12:47:00+01:00,12.0,21.0,247.0
109,2024-01-08 12:48:00+01:00,7.0,17.0,237.0
110,2024-01-08 12:49:00+01:00,10.0,19.0,228.0
111,2024-01-08 12:50:00+01:00,6.0,8.0,226.0
112,2024-01-08 12:51:00+01:00,5.0,7.0,224.0
113,2024-01-08 12:52:00+01:00,5.0,13.0,216.0
114,2024-01-08 12:53:00+01:00,8.0,15.0,209.0
115,2024-01-08 12:54:00+01:00,6.0,8.0,207.0
116,2024-01-08 12:55:00+01:00,3.0,25.0,185.0
117,2024-01-08 12:56:00+01:00,5.0,13.0,177.0
118,2024-01-08 12:57:00+01:00,7.0,7.0,177.0
119,2024-01-08 12:58:00+01:00,7.0,20.0,164.0
120,2024-01-08 12:59:00+01:00,7.0,9.0,162.0
121,2024-01-08 13:00:00+01:00,5.0,5.0,162.0
122,2024-01-08 13:01:00+01:00,11.0,15.0,158.0
123,2024-01-08 13:02:00+01:00,11.0,9.0,160.0
124,2024-01-08 13:03:00+01:00,4.0,7.0,157.0
125,2024-01-08 13:04:00+01:00,11.0,7.0,161.0
126,2024-01-08 13:05:00+01:00,9.0,14.0,156.0
127,2024-01-08 13:06:00+01:00,6.0,26.0,136.0
128,2024-01-08 13:07:00+01:00,19.0,18.0,137.0
129,2024-01-08 13:08:00+01:00,10.0,10.0,137.0
130,2024-01-08 13:09:00+01:00,16.0,6.0,147.0
131,2024-01-08 13:10:00+01:00,14.0,6.0,155.0
132,2024-01-08 13:11:00+01:00,20.0,12.0,163.0
133,2024-01-08 13:12:00+01:00,19.0,12.0,170.0
134,2024-01-08 13:13:00+01:00,12.0,10.0,172.0
135,2024-01-08 13:14:00+01:00,12.0,5.0,179.0
136,2024-01-08 13:15:00+01:00,15.0,4.0,190.0
137,2024-01-08 13:16:00+01:00,9.0,9.0,190.0
138,2024-01-08 13:17:00+01:00,3.0,4.0,189.0
139,2024-01-08 13:18:00+01:00,6.0,5.0,190.0
140,2024-01-08 13:19:00+01:00,9.0,12.0,187.0
141,2024-01-08 13:20:00+01:00,14.0,11.0,190.0
142,2024-01-08 13:21:00+01:00,10.0,8.0,192.0
143,2024-01-08 13:22:00+01:00,6.0,3.0,195.0
144,2024-01-08 13:23:00+01:00,8.0,3.0,200.0
145,2024-01-08 13:24:00+01:00,10.0,3.0,207.0
146,2024-01-08 13:25:00+01:00,10.0,6.0,211.0
147,2024-01-08 13:26:00+01:00,8.0,9.0,210.0
148,2024-01-08 13:27:00+01:00,2.0,4.0,208.0
149,2024-01-08 13:28:00+01:00,6.0,6.0,208.0
150,2024-01-08 13:29:00+01:00,7.0,6.0,209.0
151,2024-01-08 13:30:00+01:00,15.0,11.0,213.0
152,2024-01-08 13:31:00+01:00,15.0,19.0,209.0
153,2024-01-08 13:32:00+01:00,5.0,9.0,205.0
154,2024-01-08 13:33:00+01:00,14.0,24.0,195.0
155,2024-01-08 13:34:00+01:00,19.0,10.0,204.0
156,2024-01-08 13:35:00+01:00,7.0,18.0,193.0
157,2024-01-08 13:36:00+01:00,12.0,12.0,193.0
158,2024-01-08 13:37:00+01:00,11.0,17.0,187.0
159,2024-01-08 13:38:00+01:00,10.0,8.0,189.0
160,2024-01-08 13:39:00+01:00,9.0,10.0,188.0
161,2024-01-08 13:40:00+01:00,12.0,7.0,193.0
162,2024-01-08 13:41:00+01:00,5.0,8.0,190.0
163,2024-01-08 13:42:00+01:00,4.0,7.0,187.0
164,2024-01-08 13:43:00+01:00,8.0,10.0,185.0
165,2024-01-08 13:44:00+01:00,12.0,12.0,185.0
166,2024-01-08 13:45:00+01:00,5.0,16.0,174.0
167,2024-01-08 13:46:00+01:00,7.0,3.0,178.0
168,2024-01-08 13:47:00+01:00,4.0,4.0,178.0
169,2024-01-08 13:48:00+01:00,4.0,5.0,177.0
170,2024-01-08 13:49:00+01:00,3.0,4.0,176.0
171,2024-01-08 13:50:00+01:00,11.0,7.0,180.0
172,2024-01-08 13:51:00+01:00,7.0,10.0,177.0
173,2024-01-08 13:52:00+01:00,10.0,18.0,169.0
174,2024-01-08 13:53:00+01:00,9.0,11.0,167.0
175,2024-01-08 13:54:00+01:00,8.0,9.0,166.0
176,2024-01-08 13:55:00+01:00,10.0,7.0,169.0
177,2024-01-08 13:56:00+01:00,4.0,18.0,155.0
178,2024-01-08 13:57:00+01:00,8.0,9.0,154.0
179,2024-01-08 13:58:00+01:00,7.0,19.0,142.0
180,2024-01-08 13:59:00+01:00,8.0,6.0,144.0
181,2024-01-08 14:00:00+01:00,2.0,9.0,137.0
182,2024-01-08 14:01:00+01:00,0.0,14.0,123.0
183,2024-01-08 14:02:00+01:00,3.0,14.0,112.0
184,2024-01-08 14:03:00+01:00,1.0,30.0,83.0
185,2024-01-08 14:04:00+01:00,0.0,9.0,74.0
186,2024-01-08 14:05:00+01:00,3.0,16.0,61.0
